1	Train	11.1002	27305	0	0	32830
1	Valid	8.8812	3040	0	0	3641
2	Train	11.0803	27305	0	0	32830
2	Valid	8.8597	3040	0	0	3641
3	Train	11.0651	26772	533	2355	30475
3	Valid	8.8423	2990	50	287	3354
4	Train	11.0418	26172	1133	6214	26616
4	Valid	8.8148	2926	114	775	2866
5	Train	11.0085	25922	1383	9029	23801
5	Valid	8.7730	2897	143	1074	2567
6	Train	10.9775	25898	1407	10553	22277
6	Valid	8.7346	2896	144	1271	2370
7	Train	10.9541	25956	1349	11617	21213
7	Valid	8.7055	2913	127	1372	2269
8	Train	10.9354	25863	1442	12464	20366
8	Valid	8.6819	2911	129	1471	2170
9	Train	10.9198	25908	1397	12990	19840
9	Valid	8.6629	2916	124	1538	2103
10	Train	10.9082	25934	1371	13538	19292
10	Valid	8.6478	2920	120	1573	2068
11	Train	10.8977	25866	1439	13989	18841
11	Valid	8.6351	2921	119	1645	1996
12	Train	10.8897	25911	1394	14408	18422
12	Valid	8.6248	2925	115	1692	1949
13	Train	10.8826	25849	1456	14655	18175
13	Valid	8.6157	2923	117	1722	1919
14	Train	10.8756	25910	1395	14870	17960
14	Valid	8.6078	2932	108	1752	1889
15	Train	10.8700	25898	1407	15205	17625
15	Valid	8.6012	2932	108	1797	1844
16	Train	10.8652	25864	1441	15578	17252
16	Valid	8.5947	2932	108	1839	1802
17	Train	10.8604	25857	1448	15582	17248
17	Valid	8.5892	2933	107	1827	1814
18	Train	10.8567	25877	1428	15718	17112
18	Valid	8.5836	2936	104	1870	1771
19	Train	10.8520	25933	1372	15895	16935
19	Valid	8.5784	2936	104	1903	1738
20	Train	10.8485	25846	1459	16060	16770
20	Valid	8.5743	2932	108	1924	1717
21	Train	10.8448	25872	1433	16256	16574
21	Valid	8.5701	2937	103	1927	1714
22	Train	10.8421	25913	1392	16226	16604
22	Valid	8.5657	2938	102	1929	1712
23	Train	10.8391	25895	1410	16543	16287
23	Valid	8.5619	2941	99	1964	1677
24	Train	10.8362	25839	1466	16702	16128
24	Valid	8.5581	2939	101	1966	1675
25	Train	10.8331	25891	1414	16778	16052
25	Valid	8.5546	2944	96	1963	1678
26	Train	10.8305	25837	1468	16776	16054
26	Valid	8.5509	2939	101	2005	1636
27	Train	10.8283	25808	1497	16972	15858
27	Valid	8.5487	2932	108	2027	1614
28	Train	10.8261	25788	1517	17095	15735
28	Valid	8.5456	2936	104	2036	1605
29	Train	10.8239	25875	1430	16932	15898
29	Valid	8.5430	2938	102	2035	1606
30	Train	10.8229	25918	1387	16922	15908
30	Valid	8.5414	2941	99	2041	1600
31	Train	10.8193	25854	1451	17282	15548
31	Valid	8.5379	2942	98	2052	1589
32	Train	10.8184	25914	1391	17270	15560
32	Valid	8.5357	2944	96	2059	1582
33	Train	10.8171	25860	1445	17571	15259
33	Valid	8.5338	2940	100	2085	1556
34	Train	10.8148	25845	1460	17507	15323
34	Valid	8.5313	2942	98	2095	1546
35	Train	10.8133	25837	1468	17597	15233
35	Valid	8.5295	2939	101	2103	1538
36	Train	10.8119	25906	1399	17535	15295
36	Valid	8.5276	2947	93	2084	1557
37	Train	10.8102	25913	1392	17377	15453
37	Valid	8.5265	2940	100	2121	1520
38	Train	10.8090	25875	1430	17623	15207
38	Valid	8.5243	2956	84	2076	1565
39	Train	10.8077	25903	1402	17563	15267
39	Valid	8.5221	2956	84	2079	1562
40	Train	10.8075	26010	1295	17129	15701
40	Valid	8.5212	2949	91	2113	1528
41	Train	10.8089	25861	1444	17801	15029
42	Train	10.8042	25873	1432	17801	15029
42	Valid	8.5176	2957	83	2098	1543
43	Train	10.8029	25816	1489	18052	14778
43	Valid	8.5156	2953	87	2128	1513
44	Train	10.8019	25908	1397	17857	14973
44	Valid	8.5141	2953	87	2101	1540
45	Train	10.8007	25898	1407	17864	14966
45	Valid	8.5129	2952	88	2114	1527
46	Train	10.7997	25905	1400	17939	14891
46	Valid	8.5118	2957	83	2095	1546
47	Train	10.7988	25829	1476	18050	14780
47	Valid	8.5100	2954	86	2143	1498
48	Train	10.7979	25885	1420	18142	14688
48	Valid	8.5090	2954	86	2153	1488
49	Train	10.7969	25872	1433	18081	14749
49	Valid	8.5079	2951	89	2161	1480
50	Train	10.7964	25780	1525	18449	14381
50	Valid	8.5069	2957	83	2143	1498
51	Train	10.7948	25957	1348	17938	14892
51	Valid	8.5056	2959	81	2161	1480
52	Train	10.7976	26000	1305	17850	14980
53	Train	10.7991	25978	1327	17826	15004
54	Train	10.7935	25882	1423	18303	14527
54	Valid	8.5035	2965	75	2128	1513
55	Train	10.7915	25872	1433	18525	14305
55	Valid	8.5011	2965	75	2153	1488
56	Train	10.7907	25920	1385	18398	14432
56	Valid	8.4997	2960	80	2185	1456
57	Train	10.7904	25879	1426	18374	14456
57	Valid	8.4994	2963	77	2176	1465
58	Train	10.7893	25959	1346	18110	14720
58	Valid	8.4983	2968	72	2142	1499
59	Train	10.7893	25933	1372	18335	14495
59	Valid	8.4976	2963	77	2147	1494
60	Train	10.7878	25857	1448	18443	14387
60	Valid	8.4964	2964	76	2196	1445
61	Train	10.7877	25885	1420	18457	14373
61	Valid	8.4955	2962	78	2181	1460
62	Train	10.7863	25871	1434	18448	14382
62	Valid	8.4945	2963	77	2167	1474
63	Train	10.7892	26048	1257	18063	14767
64	Train	10.7874	25895	1410	18663	14167
65	Train	10.7848	25893	1412	18667	14163
65	Valid	8.4921	2969	71	2200	1441
66	Train	10.7843	25951	1354	18526	14304
66	Valid	8.4915	2971	69	2193	1448
67	Train	10.7842	25887	1418	18686	14144
67	Valid	8.4910	2972	68	2177	1464
68	Train	10.7834	25879	1426	18533	14297
68	Valid	8.4902	2973	67	2166	1475
69	Train	10.7826	25949	1356	18531	14299
69	Valid	8.4893	2970	70	2190	1451
70	Train	10.7818	25860	1445	18803	14027
70	Valid	8.4886	2974	66	2183	1458
71	Train	10.7820	25818	1487	18890	13940
71	Valid	8.4885	2948	92	2278	1363
72	Train	10.7839	25908	1397	18748	14082
73	Train	10.7806	25917	1388	18824	14006
73	Valid	8.4871	2974	66	2190	1451
74	Train	10.7810	25793	1512	19096	13734
74	Valid	8.4868	2974	66	2181	1460
75	Train	10.7794	25953	1352	18661	14169
75	Valid	8.4850	2971	69	2209	1432
76	Train	10.7792	25976	1329	18688	14142
76	Valid	8.4842	2970	70	2230	1411
77	Train	10.7789	25878	1427	18892	13938
78	Train	10.7777	25926	1379	18832	13998
78	Valid	8.4825	2971	69	2215	1426
79	Train	10.7788	25967	1338	18637	14193
80	Train	10.7804	25830	1475	19290	13540
81	Train	10.7786	25858	1447	18916	13914
82	Train	10.7780	25975	1330	18669	14161
83	Train	10.7756	25975	1330	18774	14056
83	Valid	8.4806	2971	69	2238	1403
84	Train	10.7758	25920	1385	18781	14049
84	Valid	8.4795	2975	65	2214	1427
85	Train	10.7758	25823	1482	19099	13731
86	Train	10.7748	25999	1306	18673	14157
86	Valid	8.4790	2978	62	2218	1423
87	Train	10.7757	26009	1296	18870	13960
88	Train	10.7735	25993	1312	18906	13924
88	Valid	8.4778	2975	65	2241	1400
89	Train	10.7731	26022	1283	18821	14009
89	Valid	8.4769	2977	63	2225	1416
90	Train	10.7729	25838	1467	19285	13545
90	Valid	8.4765	2980	60	2231	1410
91	Train	10.7721	26006	1299	18795	14035
91	Valid	8.4759	2983	57	2222	1419
92	Train	10.7733	26045	1260	18611	14219
92	Valid	8.4758	2984	56	2213	1428
93	Train	10.7745	25815	1490	19368	13462
94	Train	10.7733	25867	1438	19228	13602
95	Train	10.7706	25943	1362	19131	13699
95	Valid	8.4742	2984	56	2243	1398
96	Train	10.7704	25893	1412	19071	13759
96	Valid	8.4735	2979	61	2236	1405
97	Train	10.7708	25850	1455	19342	13488
97	Valid	8.4733	2974	66	2247	1394
98	Train	10.7690	25948	1357	19144	13686
98	Valid	8.4724	2978	62	2255	1386
99	Train	10.7707	25860	1445	19089	13741
100	Train	10.7694	25967	1338	19063	13767
100	Valid	8.4718	2974	66	2275	1366
101	Train	10.7722	25973	1332	18856	13974
102	Train	10.7695	25985	1320	19144	13686
103	Train	10.7700	25992	1313	18971	13859
104	Train	10.7675	25910	1395	19347	13483
104	Valid	8.4698	2984	56	2239	1402
105	Train	10.7680	25882	1423	19511	13319
105	Valid	8.4696	2986	54	2256	1385
106	Train	10.7675	25902	1403	19087	13743
106	Valid	8.4691	2992	48	2235	1406
107	Train	10.7678	25787	1518	19711	13119
108	Train	10.7696	25746	1559	19748	13082
109	Train	10.7678	26019	1286	18947	13883
110	Train	10.7683	25932	1373	19176	13654
111	Train	10.7664	25960	1345	19222	13608
111	Valid	8.4682	2985	55	2274	1367
112	Train	10.7656	25923	1382	19469	13361
112	Valid	8.4670	2990	50	2219	1422
113	Train	10.7662	25907	1398	19303	13527
113	Valid	8.4667	2986	54	2255	1386
114	Train	10.7647	25963	1342	19454	13376
114	Valid	8.4657	2981	59	2260	1381
115	Train	10.7651	25980	1325	19384	13446
116	Train	10.7640	25982	1323	19342	13488
116	Valid	8.4649	2980	60	2267	1374
117	Train	10.7646	26026	1279	18976	13854
118	Train	10.7710	25691	1614	19638	13192
119	Train	10.7681	25766	1539	19739	13091
120	Train	10.7640	25918	1387	19458	13372
121	Train	10.7625	25873	1432	19632	13198
121	Valid	8.4641	2983	57	2236	1405
122	Train	10.7639	26059	1246	19088	13742
122	Valid	8.4639	2986	54	2254	1387
123	Train	10.7627	25954	1351	19484	13346
123	Valid	8.4633	2982	58	2285	1356
124	Train	10.7624	25971	1334	19210	13620
124	Valid	8.4627	2990	50	2262	1379
125	Train	10.7620	25940	1365	19342	13488
125	Valid	8.4623	2989	51	2260	1381
126	Train	10.7621	26017	1288	19221	13609
126	Valid	8.4622	2985	55	2276	1365
127	Train	10.7633	26021	1284	19184	13646
128	Train	10.7623	25845	1460	19883	12947
129	Train	10.7624	25855	1450	19648	13182
130	Train	10.7615	26001	1304	19383	13447
130	Valid	8.4620	2987	53	2284	1357
131	Train	10.7608	25992	1313	19444	13386
131	Valid	8.4608	2991	49	2312	1329
132	Train	10.7616	25927	1378	19388	13442
132	Valid	8.4607	2996	44	2247	1394
133	Train	10.7604	25928	1377	19444	13386
133	Valid	8.4599	2990	50	2277	1364
134	Train	10.7600	25960	1345	19342	13488
134	Valid	8.4592	2988	52	2296	1345
135	Train	10.7604	26045	1260	19016	13814
136	Train	10.7618	25977	1328	19452	13378
137	Train	10.7608	25763	1542	20274	12556
138	Train	10.7598	25925	1380	19506	13324
139	Train	10.7598	26043	1262	19163	13667
140	Train	10.7601	26025	1280	19525	13305
140	Valid	8.4590	2987	53	2318	1323
141	Train	10.7597	25865	1440	19836	12994
141	Valid	8.4583	2987	53	2299	1342
142	Train	10.7580	25974	1331	19657	13173
142	Valid	8.4576	2992	48	2313	1328
143	Train	10.7580	25896	1409	20006	12824
143	Valid	8.4568	2988	52	2291	1350
144	Train	10.7585	25959	1346	19672	13158
144	Valid	8.4564	2985	55	2337	1304
145	Train	10.7580	26063	1242	19268	13562
146	Train	10.7592	26103	1202	19167	13663
147	Train	10.7574	25949	1356	19562	13268
147	Valid	8.4560	2992	48	2289	1352
148	Train	10.7578	26045	1260	19538	13292
148	Valid	8.4555	2982	58	2331	1310
149	Train	10.7574	26077	1228	19296	13534
150	Train	10.7567	25869	1436	19909	12921
150	Valid	8.4551	2991	49	2294	1347
151	Train	10.7565	26012	1293	19398	13432
151	Valid	8.4545	2976	64	2357	1284
152	Train	10.7577	26139	1166	18793	14037
153	Train	10.7594	25773	1532	20255	12575
154	Train	10.7568	25913	1392	19951	12879
155	Train	10.7574	26057	1248	19335	13495
156	Train	10.7563	26061	1244	19290	13540
156	Valid	8.4544	2989	51	2298	1343
157	Train	10.7562	25983	1322	19581	13249
157	Valid	8.4543	2992	48	2306	1335
158	Train	10.7552	26041	1264	19485	13345
158	Valid	8.4528	2989	51	2348	1293
159	Train	10.7545	26029	1276	19635	13195
159	Valid	8.4525	2991	49	2342	1299
160	Train	10.7548	26001	1304	19703	13127
161	Train	10.7540	26169	1136	19259	13571
161	Valid	8.4521	2988	52	2349	1292
162	Train	10.7549	26113	1192	18946	13884
163	Train	10.7564	25929	1376	19968	12862
164	Train	10.7557	26081	1224	19247	13583
165	Train	10.7541	25941	1364	19593	13237
165	Valid	8.4519	2987	53	2336	1305
166	Train	10.7540	25976	1329	19549	13281
166	Valid	8.4510	2986	54	2353	1288
167	Train	10.7549	25779	1526	20441	12389
168	Train	10.7548	25923	1382	19859	12971
169	Train	10.7531	25986	1319	19733	13097
169	Valid	8.4501	2981	59	2357	1284
170	Train	10.7534	25877	1428	20036	12794
170	Valid	8.4501	2992	48	2313	1328
171	Train	10.7530	25986	1319	19766	13064
171	Valid	8.4495	2981	59	2345	1296
172	Train	10.7529	25940	1365	19890	12940
173	Train	10.7540	25749	1556	20587	12243
174	Train	10.7545	25835	1470	20196	12634
175	Train	10.7555	25820	1485	20241	12589
176	Train	10.7533	25820	1485	20316	12514
177	Train	10.7523	25987	1318	19885	12945
177	Valid	8.4491	2981	59	2326	1315
178	Train	10.7514	25989	1316	19702	13128
178	Valid	8.4480	2979	61	2337	1304
179	Train	10.7522	25894	1411	20233	12597
180	Train	10.7524	26047	1258	19600	13230
181	Train	10.7517	25994	1311	19658	13172
181	Valid	8.4478	2994	46	2332	1309
182	Train	10.7523	26092	1213	19612	13218
183	Train	10.7506	25857	1448	20164	12666
183	Valid	8.4473	2991	49	2305	1336
184	Train	10.7506	26034	1271	19616	13214
184	Valid	8.4466	2978	62	2368	1273
185	Train	10.7504	25957	1348	20055	12775
185	Valid	8.4465	2980	60	2374	1267
186	Train	10.7519	26013	1292	19592	13238
187	Train	10.7519	25987	1318	19936	12894
188	Train	10.7507	25998	1307	19749	13081
188	Valid	8.4464	2975	65	2363	1278
189	Train	10.7504	25890	1415	20062	12768
189	Valid	8.4454	2980	60	2375	1266
190	Train	10.7490	25988	1317	19795	13035
191	Train	10.7505	25773	1532	20418	12412
192	Train	10.7573	25713	1592	20574	12256
193	Train	10.7539	25989	1316	19765	13065
194	Train	10.7500	26039	1266	19715	13115
195	Train	10.7489	25986	1319	20046	12784
195	Valid	8.4447	2973	67	2378	1263
196	Train	10.7483	26037	1268	19733	13097
196	Valid	8.4444	2980	60	2373	1268
197	Train	10.7482	26043	1262	19798	13032
197	Valid	8.4440	2981	59	2401	1240
198	Train	10.7485	26014	1291	19877	12953
198	Valid	8.4440	2988	52	2338	1303
199	Train	10.7490	26065	1240	19456	13374
199	Valid	8.4439	2989	51	2341	1300
200	Train	10.7495	25800	1505	20481	12349
